SCALE: 20
nvtx: 1048576
edgefactor: 16
terasize: 2.68435455999999995e-04
A: 5.69999999999999951e-01
B: 1.90000000000000002e-01
C: 1.90000000000000002e-01
D: 5.00000000000000444e-02
generation_time: 2.87587221980000010e+01
construction_time: 7.07968522999999994e+00
nbfs: 64
min_time: 2.80779358999999951e-01
firstquartile_time: 2.83675648499999988e-01
median_time: 2.84789997999999933e-01
thirdquartile_time: 2.85290309999999991e-01
max_time: 2.98406806999999996e-01
mean_time: 2.84609891484374988e-01
stddev_time: 2.31136121496098527e-03
min_nedge: 1.67770270000000000e+07
firstquartile_nedge: 1.67770270000000000e+07
median_nedge: 1.67770270000000000e+07
thirdquartile_nedge: 1.67770270000000000e+07
max_nedge: 1.67770270000000000e+07
mean_nedge: 1.67770270000000000e+07
stddev_nedge: 0.00000000000000000e+00
min_TEPS: 5.62219983138655424e+07
firstquartile_TEPS: 5.88177519560387135e+07
median_TEPS: 5.89454401999338046e+07
thirdquartile_TEPS: 5.91650686828231812e+07
max_TEPS: 5.97516393646300882e+07
harmonic_mean_TEPS: 5.89474487780445069e+07
harmonic_stddev_TEPS: 6.03132277194113267e+04
