graph_generation:               5.289733 s
SCALE: 19
nvtx: 524288
edgefactor: 16
terasize: 1.34217727999999997e-04
A: 5.69999999999999951e-01
B: 1.90000000000000002e-01
C: 1.90000000000000002e-01
D: 5.00000000000000444e-02
generation_time: 5.28987086099999981e+00
construction_time: 8.21867324399999966e+00
nbfs: 64
min_time: 5.45930070000000059e-02
firstquartile_time: 1.57175590000000004e-01
median_time: 1.61093046499999948e-01
thirdquartile_time: 1.67422596749999986e-01
max_time: 1.86899268000000007e-01
mean_time: 1.62077955093750004e-01
stddev_time: 1.69019099830874410e-02
min_nedge: 1.00000000000000000e+00
firstquartile_nedge: 2.79585700000000000e+06
median_nedge: 2.79585700000000000e+06
thirdquartile_nedge: 2.79585700000000000e+06
max_nedge: 2.79585700000000000e+06
mean_nedge: 2.75217175000000000e+06
stddev_nedge: 3.49482000000000000e+05
min_TEPS: 1.83173643466827158e+01
firstquartile_TEPS: 1.68054107004751787e+07
median_TEPS: 1.73794848652289882e+07
thirdquartile_TEPS: 1.78127063399873748e+07
max_TEPS: 1.97055278305726796e+07
harmonic_mean_TEPS: 1.17223207283088732e+03
harmonic_stddev_TEPS: 1.18141773960516980e+03
