graph_generation:               3.152981 s
SCALE: 19
nvtx: 524288
edgefactor: 16
terasize: 1.34217727999999997e-04
A: 5.69999999999999951e-01
B: 1.90000000000000002e-01
C: 1.90000000000000002e-01
D: 5.00000000000000444e-02
generation_time: 3.15306926399999998e+00
construction_time: 1.72467665950000004e+01
nbfs: 64
min_time: 2.88032311999999902e-01
firstquartile_time: 3.23952402249999993e-01
median_time: 3.27240456499999943e-01
thirdquartile_time: 3.59608869750000060e-01
max_time: 3.70150648999999943e-01
mean_time: 3.34969551828124990e-01
stddev_time: 1.81139866394997087e-02
min_nedge: 1.67713400000000000e+06
firstquartile_nedge: 1.67713400000000000e+06
median_nedge: 1.67713400000000000e+06
thirdquartile_nedge: 1.67713400000000000e+06
max_nedge: 1.67713400000000000e+06
mean_nedge: 1.67713400000000000e+06
stddev_nedge: 0.00000000000000000e+00
min_TEPS: 4.53094977553315088e+06
firstquartile_TEPS: 4.77260088725475967e+06
median_TEPS: 5.13818763838201575e+06
thirdquartile_TEPS: 5.17937425367651694e+06
max_TEPS: 5.82272866663654242e+06
harmonic_mean_TEPS: 5.00682521992490906e+06
harmonic_stddev_TEPS: 3.41115039326203259e+04
